     1  0.00000000E+00    0.00000000E+00    0.00000000E+00    0.40866300E-03    0.40866465E-03    0.40867427E-03    0.77843214E-03    0.77843354E-03    0.77844175E-03   
     2  0.72030792E-05    0.72030792E-05    0.21392984E-04    0.40867801E-03    0.40867801E-03    0.41082913E-03    0.77833737E-03    0.77843724E-03    0.77843724E-03   
     3  0.14389161E-04    0.14389161E-04    0.42713748E-04    0.40870563E-03    0.40870563E-03    0.41723500E-03    0.77805218E-03    0.77843854E-03    0.77843854E-03   
     4  0.21541456E-04    0.21541456E-04    0.63892447E-04    0.40874999E-03    0.40874999E-03    0.42763192E-03    0.77758828E-03    0.77844199E-03    0.77844199E-03   
     5  0.28643575E-04    0.28643575E-04    0.84863265E-04    0.40880866E-03    0.40880866E-03    0.44163933E-03    0.77696391E-03    0.77844949E-03    0.77844949E-03   
     6  0.35679723E-04    0.35679723E-04    0.10556501E-03    0.40887835E-03    0.40887835E-03    0.45878889E-03    0.77620714E-03    0.77846358E-03    0.77846358E-03   
     7  0.42634872E-04    0.42634872E-04    0.12594070E-03    0.40895507E-03    0.40895507E-03    0.47856519E-03    0.77535899E-03    0.77848734E-03    0.77848734E-03   
     8  0.49494915E-04    0.49494915E-04    0.14593666E-03    0.40903423E-03    0.40903423E-03    0.50043626E-03    0.77447852E-03    0.77852428E-03    0.77852428E-03   
     9  0.56246800E-04    0.56246800E-04    0.16550134E-03    0.40911087E-03    0.40911087E-03    0.52386966E-03    0.77365127E-03    0.77857815E-03    0.77857815E-03   
    10  0.62878636E-04    0.62878636E-04    0.18458438E-03    0.40917985E-03    0.40917985E-03    0.54833257E-03    0.77300309E-03    0.77865286E-03    0.77865286E-03   
    11  0.69379773E-04    0.69379773E-04    0.20313592E-03    0.40923606E-03    0.40923606E-03    0.57327437E-03    0.77272354E-03    0.77875221E-03    0.77875221E-03   
    12  0.75740852E-04    0.75740852E-04    0.22110611E-03    0.40927463E-03    0.40927463E-03    0.59808861E-03    0.77310444E-03    0.77887979E-03    0.77887979E-03   
    13  0.81953831E-04    0.81953831E-04    0.23844487E-03    0.40929120E-03    0.40929120E-03    0.62205055E-03    0.77459994E-03    0.77903878E-03    0.77903878E-03   
    14  0.88011974E-04    0.88011974E-04    0.25510177E-03    0.40928208E-03    0.40928208E-03    0.64424006E-03    0.77789989E-03    0.77923178E-03    0.77923178E-03   
    15  0.93909827E-04    0.93909827E-04    0.27102590E-03    0.40924449E-03    0.40924449E-03    0.66352102E-03    0.77946071E-03    0.77946071E-03    0.78394615E-03   
    16  0.99643158E-04    0.99643158E-04    0.28616586E-03    0.40917673E-03    0.40917673E-03    0.67876730E-03    0.77972663E-03    0.77972663E-03    0.79370270E-03   
    17  0.10520888E-03    0.10520888E-03    0.30046969E-03    0.40907831E-03    0.40907831E-03    0.68943188E-03    0.78002970E-03    0.78002970E-03    0.80758287E-03   
    18  0.11060497E-03    0.11060497E-03    0.31388484E-03    0.40895004E-03    0.40895004E-03    0.69593576E-03    0.78036911E-03    0.78036911E-03    0.82505734E-03   
    19  0.11583036E-03    0.11583036E-03    0.32635828E-03    0.40879410E-03    0.40879410E-03    0.69931235E-03    0.78074302E-03    0.78074302E-03    0.84500712E-03   
    20  0.12088480E-03    0.12088480E-03    0.33783664E-03    0.40861404E-03    0.40861404E-03    0.70060186E-03    0.78114864E-03    0.78114864E-03    0.86632680E-03   
    21  0.12576879E-03    0.12576879E-03    0.34826664E-03    0.40841474E-03    0.40841474E-03    0.70058497E-03    0.78158220E-03    0.78158220E-03    0.88818875E-03   
    22  0.13048343E-03    0.13048343E-03    0.35759566E-03    0.40820229E-03    0.40820229E-03    0.69979179E-03    0.78203910E-03    0.78203910E-03    0.91003209E-03   
    23  0.13503029E-03    0.13503029E-03    0.36577288E-03    0.40798388E-03    0.40798388E-03    0.69857985E-03    0.78251398E-03    0.78251398E-03    0.93148244E-03   
    24  0.13941136E-03    0.13941136E-03    0.37275062E-03    0.40776759E-03    0.40776759E-03    0.69719883E-03    0.78300087E-03    0.78300087E-03    0.95228483E-03   
    25  0.14362888E-03    0.14362888E-03    0.37848626E-03    0.40756218E-03    0.40756218E-03    0.69583124E-03    0.78349332E-03    0.78349332E-03    0.97226033E-03   
    26  0.14768534E-03    0.14768534E-03    0.38294444E-03    0.40737682E-03    0.40737682E-03    0.69461573E-03    0.78398462E-03    0.78398462E-03    0.99127981E-03   
    27  0.15158332E-03    0.15158332E-03    0.38609946E-03    0.40722086E-03    0.40722086E-03    0.69365974E-03    0.78446792E-03    0.78446792E-03    0.10092483E-02   
    28  0.15532552E-03    0.15532552E-03    0.38793754E-03    0.40710349E-03    0.40710349E-03    0.69304625E-03    0.78493643E-03    0.78493643E-03    0.10260952E-02   
    29  0.15891463E-03    0.15891463E-03    0.38845864E-03    0.40703353E-03    0.40703353E-03    0.69283736E-03    0.78538358E-03    0.78538358E-03    0.10417688E-02   
    30  0.16235338E-03    0.16235338E-03    0.38767754E-03    0.40701908E-03    0.40701908E-03    0.69307654E-03    0.78580319E-03    0.78580319E-03    0.10562321E-02   
    31  0.16564447E-03    0.16564447E-03    0.38562387E-03    0.40706733E-03    0.40706733E-03    0.69379057E-03    0.78618961E-03    0.78618961E-03    0.10694601E-02   
    32  0.16879059E-03    0.16879059E-03    0.38234115E-03    0.40718428E-03    0.40718428E-03    0.69499166E-03    0.78653784E-03    0.78653784E-03    0.10814388E-02   
    33  0.17179440E-03    0.17179440E-03    0.37788494E-03    0.40737460E-03    0.40737460E-03    0.69667998E-03    0.78684366E-03    0.78684366E-03    0.10921632E-02   
    34  0.17465851E-03    0.17465851E-03    0.37232036E-03    0.40764139E-03    0.40764139E-03    0.69884628E-03    0.78710368E-03    0.78710368E-03    0.11016373E-02   
    35  0.17738556E-03    0.17738556E-03    0.36571953E-03    0.40798613E-03    0.40798613E-03    0.70147457E-03    0.78731546E-03    0.78731546E-03    0.11098727E-02   
    36  0.17997812E-03    0.17997812E-03    0.35815904E-03    0.40840861E-03    0.40840861E-03    0.70454442E-03    0.78747748E-03    0.78747748E-03    0.11168892E-02   
    37  0.18243876E-03    0.18243876E-03    0.34971783E-03    0.40890687E-03    0.40890687E-03    0.70803274E-03    0.78758921E-03    0.78758921E-03    0.11227134E-02   
    38  0.18477001E-03    0.18477001E-03    0.34047570E-03    0.40947724E-03    0.40947724E-03    0.71191495E-03    0.78765109E-03    0.78765109E-03    0.11273796E-02   
    39  0.18697434E-03    0.18697434E-03    0.33051229E-03    0.41011446E-03    0.41011446E-03    0.71616554E-03    0.78766449E-03    0.78766449E-03    0.11309290E-02   
    40  0.18905414E-03    0.18905414E-03    0.31990672E-03    0.41081171E-03    0.41081171E-03    0.72075800E-03    0.78763170E-03    0.78763170E-03    0.11334100E-02   
    41  0.19101173E-03    0.19101173E-03    0.30873767E-03    0.41156083E-03    0.41156083E-03    0.72566439E-03    0.78755583E-03    0.78755583E-03    0.11348783E-02   
    42  0.19284928E-03    0.19284928E-03    0.29708396E-03    0.41235246E-03    0.41235246E-03    0.73085444E-03    0.78744076E-03    0.78744076E-03    0.11353966E-02   
    43  0.19456880E-03    0.19456880E-03    0.28502547E-03    0.41317626E-03    0.41317626E-03    0.73629447E-03    0.78729104E-03    0.78729104E-03    0.11350355E-02   
    44  0.19617214E-03    0.19617214E-03    0.27264449E-03    0.41402114E-03    0.41402114E-03    0.74194616E-03    0.78711177E-03    0.78711177E-03    0.11338732E-02   
    45  0.19766090E-03    0.19766090E-03    0.26002739E-03    0.41487546E-03    0.41487546E-03    0.74776522E-03    0.78690854E-03    0.78690854E-03    0.11319959E-02   
    46  0.19903650E-03    0.19903650E-03    0.24726678E-03    0.41572728E-03    0.41572728E-03    0.75370008E-03    0.78668723E-03    0.78668723E-03    0.11294981E-02   
    47  0.20030010E-03    0.20030010E-03    0.23446411E-03    0.41656459E-03    0.41656459E-03    0.75969070E-03    0.78645396E-03    0.78645396E-03    0.11264829E-02   
    48  0.20145261E-03    0.20145261E-03    0.22173281E-03    0.41737551E-03    0.41737551E-03    0.76566755E-03    0.78621495E-03    0.78621495E-03    0.11230620E-02   
    49  0.20249474E-03    0.20249474E-03    0.20920215E-03    0.41814854E-03    0.41814854E-03    0.77155088E-03    0.78597635E-03    0.78597635E-03    0.11193560E-02   
    50  0.19702158E-03    0.20342698E-03    0.20342698E-03    0.41887269E-03    0.41887269E-03    0.77725057E-03    0.78574417E-03    0.78574417E-03    0.11154932E-02   
    51  0.18536546E-03    0.20424960E-03    0.20424960E-03    0.41953771E-03    0.41953771E-03    0.78266667E-03    0.78552415E-03    0.78552415E-03    0.11116094E-02   
    52  0.17443741E-03    0.20496277E-03    0.20496277E-03    0.42013419E-03    0.42013419E-03    0.78532163E-03    0.78532163E-03    0.78769092E-03    0.11078450E-02   
    53  0.16447293E-03    0.20556649E-03    0.20556649E-03    0.42065375E-03    0.42065375E-03    0.78514147E-03    0.78514147E-03    0.79220968E-03    0.11043424E-02   
    54  0.15573764E-03    0.20606069E-03    0.20606069E-03    0.42108909E-03    0.42108909E-03    0.78498794E-03    0.78498794E-03    0.79610835E-03    0.11012408E-02   
    55  0.14851759E-03    0.20644527E-03    0.20644527E-03    0.42143413E-03    0.42143413E-03    0.78486465E-03    0.78486465E-03    0.79927736E-03    0.10986702E-02   
    56  0.14309799E-03    0.20672008E-03    0.20672008E-03    0.42168406E-03    0.42168406E-03    0.78477448E-03    0.78477448E-03    0.80161957E-03    0.10967438E-02   
    57  0.13972915E-03    0.20688502E-03    0.20688502E-03    0.42183542E-03    0.42183542E-03    0.78471953E-03    0.78471953E-03    0.80305805E-03    0.10955502E-02   
    58  0.13858528E-03    0.20694001E-03    0.20694001E-03    0.42188611E-03    0.42188611E-03    0.78470107E-03    0.78470107E-03    0.80354325E-03    0.10951459E-02   
    59  0.13864377E-03    0.20697357E-03    0.20723389E-03    0.42198065E-03    0.42212244E-03    0.78456671E-03    0.78486285E-03    0.80355967E-03    0.10948167E-02   
    60  0.13881856E-03    0.20695510E-03    0.20822838E-03    0.42214498E-03    0.42294651E-03    0.78425956E-03    0.78525554E-03    0.80360606E-03    0.10938312E-02   
    61  0.13910755E-03    0.20692509E-03    0.20986435E-03    0.42241877E-03    0.42430605E-03    0.78375888E-03    0.78590929E-03    0.80367440E-03    0.10921958E-02   
    62  0.13950731E-03    0.20688463E-03    0.21211059E-03    0.42280188E-03    0.42618055E-03    0.78307978E-03    0.78682299E-03    0.80375299E-03    0.10899209E-02   
    63  0.14001309E-03    0.20683517E-03    0.21492548E-03    0.42329395E-03    0.42854199E-03    0.78224070E-03    0.78799502E-03    0.80382824E-03    0.10870212E-02   
    64  0.14061891E-03    0.20677843E-03    0.21825874E-03    0.42389434E-03    0.43135545E-03    0.78126177E-03    0.78942330E-03    0.80388635E-03    0.10835157E-02   
    65  0.14131763E-03    0.20671628E-03    0.22205333E-03    0.42460196E-03    0.43457988E-03    0.78016360E-03    0.79110521E-03    0.80391458E-03    0.10794273E-02   
    66  0.14210108E-03    0.20665065E-03    0.22624732E-03    0.42541507E-03    0.43816898E-03    0.77896668E-03    0.79303755E-03    0.80390195E-03    0.10747833E-02   
    67  0.14296014E-03    0.20658338E-03    0.23077566E-03    0.42633106E-03    0.44207204E-03    0.77769099E-03    0.79521651E-03    0.80383964E-03    0.10696149E-02   
    68  0.14388483E-03    0.20651614E-03    0.23557163E-03    0.42734620E-03    0.44623492E-03    0.77635600E-03    0.79763755E-03    0.80372113E-03    0.10639577E-02   
    69  0.14486446E-03    0.20645032E-03    0.24056814E-03    0.42845532E-03    0.45060093E-03    0.77498064E-03    0.80029532E-03    0.80354217E-03    0.10578512E-02   
    70  0.14588774E-03    0.20638692E-03    0.24569863E-03    0.42965155E-03    0.45511172E-03    0.77358337E-03    0.80318345E-03    0.80330076E-03    0.10513393E-02   
    71  0.14694282E-03    0.20632660E-03    0.25089785E-03    0.43092602E-03    0.45970817E-03    0.77218220E-03    0.80299712E-03    0.80629434E-03    0.10444703E-02   
    72  0.14801745E-03    0.20626957E-03    0.25610235E-03    0.43226758E-03    0.46433116E-03    0.77079466E-03    0.80263360E-03    0.80961871E-03    0.10372966E-02   
    73  0.14909899E-03    0.20621576E-03    0.26125086E-03    0.43366261E-03    0.46892233E-03    0.76943765E-03    0.80221466E-03    0.81314506E-03    0.10298758E-02   
    74  0.15017455E-03    0.20616478E-03    0.26628455E-03    0.43509490E-03    0.47342483E-03    0.76812726E-03    0.80174686E-03    0.81685888E-03    0.10222705E-02   
    75  0.15123102E-03    0.20611616E-03    0.27114727E-03    0.43654561E-03    0.47778390E-03    0.76687857E-03    0.80123880E-03    0.82074142E-03    0.10145493E-02   
    76  0.15225516E-03    0.20606941E-03    0.27578569E-03    0.43799346E-03    0.48194754E-03    0.76570531E-03    0.80070106E-03    0.82476807E-03    0.10067878E-02   
    77  0.15323370E-03    0.20602418E-03    0.28014954E-03    0.43941498E-03    0.48586702E-03    0.76461963E-03    0.80014601E-03    0.82890608E-03    0.99907029E-03   
    78  0.15415350E-03    0.20598041E-03    0.28419180E-03    0.44078496E-03    0.48949734E-03    0.76363181E-03    0.79958763E-03    0.83311141E-03    0.99149206E-03   
    79  0.15500165E-03    0.20593839E-03    0.28786899E-03    0.44207716E-03    0.49279767E-03    0.76275012E-03    0.79904117E-03    0.83732460E-03    0.98416251E-03   
    80  0.15576574E-03    0.20589879E-03    0.29114146E-03    0.44326501E-03    0.49573166E-03    0.76198068E-03    0.79852269E-03    0.84146550E-03    0.97720950E-03   
    81  0.15643410E-03    0.20586265E-03    0.29397377E-03    0.44432262E-03    0.49826767E-03    0.76132759E-03    0.79804848E-03    0.84542726E-03    0.97078429E-03   
    82  0.15699608E-03    0.20583126E-03    0.29633503E-03    0.44522571E-03    0.50037891E-03    0.76079315E-03    0.79763436E-03    0.84907088E-03    0.96506584E-03   
    83  0.15744240E-03    0.20580604E-03    0.29819930E-03    0.44595268E-03    0.50204353E-03    0.76037820E-03    0.79729490E-03    0.85222377E-03    0.96026122E-03   
    84  0.15776545E-03    0.20578831E-03    0.29954596E-03    0.44648553E-03    0.50324460E-03    0.76008261E-03    0.79704255E-03    0.85468843E-03    0.95659593E-03   
    85  0.15795961E-03    0.20577915E-03    0.30036002E-03    0.44681073E-03    0.50397011E-03    0.75990583E-03    0.79688688E-03    0.85626870E-03    0.95428679E-03   
    86  0.15802157E-03    0.20577914E-03    0.30063239E-03    0.44691988E-03    0.50421285E-03    0.75984728E-03    0.79683394E-03    0.85681437E-03    0.95349666E-03   
    87  0.15811844E-03    0.20587811E-03    0.30048287E-03    0.44666891E-03    0.50414755E-03    0.75985909E-03    0.79676394E-03    0.85654755E-03    0.95394275E-03   
    88  0.15837201E-03    0.20618834E-03    0.30003609E-03    0.44584102E-03    0.50401423E-03    0.75990200E-03    0.79657146E-03    0.85576516E-03    0.95523614E-03   
    89  0.15871855E-03    0.20674087E-03    0.29929545E-03    0.44433505E-03    0.50390565E-03    0.75998784E-03    0.79627919E-03    0.85451286E-03    0.95728854E-03   
    90  0.15909834E-03    0.20756309E-03    0.29826829E-03    0.44207526E-03    0.50390482E-03    0.76012728E-03    0.79590718E-03    0.85285440E-03    0.95999020E-03   
    91  0.15945970E-03    0.20867532E-03    0.29696575E-03    0.43902652E-03    0.50407098E-03    0.76033011E-03    0.79547122E-03    0.85086318E-03    0.96322036E-03   
    92  0.15976244E-03    0.21008767E-03    0.29540265E-03    0.43520288E-03    0.50443158E-03    0.76060549E-03    0.79498152E-03    0.84861546E-03    0.96685578E-03   
    93  0.15997989E-03    0.21179798E-03    0.29359739E-03    0.43066687E-03    0.50498308E-03    0.76096238E-03    0.79444182E-03    0.84618638E-03    0.97077652E-03   
    94  0.16009923E-03    0.21379142E-03    0.29157197E-03    0.42552162E-03    0.50569837E-03    0.76140964E-03    0.79384912E-03    0.84364813E-03    0.97486908E-03   
    95  0.16011995E-03    0.21604140E-03    0.28935204E-03    0.41989993E-03    0.50653668E-03    0.76195599E-03    0.79319404E-03    0.84106956E-03    0.97902787E-03   
    96  0.16005119E-03    0.21851146E-03    0.28696716E-03    0.41395419E-03    0.50745232E-03    0.76260962E-03    0.79246202E-03    0.83851624E-03    0.98315559E-03   
    97  0.15990870E-03    0.22115733E-03    0.28445117E-03    0.40784851E-03    0.50840060E-03    0.76337743E-03    0.79163549E-03    0.83605018E-03    0.98716328E-03   
    98  0.15971185E-03    0.22392840E-03    0.28184283E-03    0.40175304E-03    0.50934119E-03    0.76426394E-03    0.79069712E-03    0.83372878E-03    0.99097014E-03   
    99  0.15948127E-03    0.22676807E-03    0.27918679E-03    0.39583963E-03    0.51023953E-03    0.76526978E-03    0.78963405E-03    0.83160303E-03    0.99450347E-03   
   100  0.15923714E-03    0.22961251E-03    0.27653543E-03    0.39027814E-03    0.51106701E-03    0.76638954E-03    0.78844303E-03    0.82971515E-03    0.99769868E-03   
   101  0.15899797E-03    0.23238732E-03    0.27395215E-03    0.38523271E-03    0.51180070E-03    0.76760855E-03    0.78713619E-03    0.82809651E-03    0.10004993E-02   
   102  0.15877991E-03    0.23500103E-03    0.27151749E-03    0.38085738E-03    0.51242266E-03    0.76889716E-03    0.78574783E-03    0.82676677E-03    0.10028572E-02   
   103  0.15859637E-03    0.23733496E-03    0.26933903E-03    0.37729111E-03    0.51291930E-03    0.77019953E-03    0.78434479E-03    0.82573484E-03    0.10047327E-02   
   104  0.15845782E-03    0.23923193E-03    0.26756303E-03    0.37465180E-03    0.51328077E-03    0.77141064E-03    0.78304665E-03    0.82500171E-03    0.10060947E-02   
   105  0.15837174E-03    0.24049793E-03    0.26637390E-03    0.37303001E-03    0.51350039E-03    0.77233784E-03    0.78206040E-03    0.82456417E-03    0.10069208E-02   
   106  0.15834260E-03    0.24094754E-03    0.26595030E-03    0.37248297E-03    0.51357433E-03    0.77270146E-03    0.78167608E-03    0.82441855E-03    0.10071976E-02   
   107  0.16007314E-03    0.24357185E-03    0.26987650E-03    0.37026797E-03    0.51593474E-03    0.77025638E-03    0.78097239E-03    0.82708309E-03    0.10018302E-02   
   108  0.16184039E-03    0.24620280E-03    0.27371649E-03    0.36854125E-03    0.51768826E-03    0.76758459E-03    0.78018957E-03    0.82980676E-03    0.99675214E-03   
   109  0.16363846E-03    0.24883343E-03    0.27748492E-03    0.36735520E-03    0.51885009E-03    0.76470169E-03    0.77932353E-03    0.83253970E-03    0.99200454E-03   
   110  0.16546055E-03    0.25145776E-03    0.28121422E-03    0.36674288E-03    0.51944346E-03    0.76162833E-03    0.77837116E-03    0.83522464E-03    0.98762568E-03   
   111  0.16729876E-03    0.25407076E-03    0.28495478E-03    0.36671490E-03    0.51949726E-03    0.75839008E-03    0.77733070E-03    0.83779850E-03    0.98365074E-03   
   112  0.16914375E-03    0.25666829E-03    0.28877217E-03    0.36725896E-03    0.51904364E-03    0.75501717E-03    0.77620187E-03    0.84019495E-03    0.98011067E-03   
   113  0.17098458E-03    0.25924696E-03    0.29274112E-03    0.36834261E-03    0.51811587E-03    0.75154416E-03    0.77498587E-03    0.84234777E-03    0.97703037E-03   
   114  0.17280853E-03    0.26180397E-03    0.29693704E-03    0.36991875E-03    0.51674652E-03    0.74800946E-03    0.77368525E-03    0.84419505E-03    0.97442604E-03   
   115  0.17460100E-03    0.26433685E-03    0.30142643E-03    0.37193264E-03    0.51496612E-03    0.74445469E-03    0.77230370E-03    0.84568369E-03    0.97230209E-03   
   116  0.17634559E-03    0.26684317E-03    0.30625760E-03    0.37432940E-03    0.51280234E-03    0.74092400E-03    0.77084577E-03    0.84677362E-03    0.97064809E-03   
   117  0.17802418E-03    0.26932011E-03    0.31145273E-03    0.37706099E-03    0.51027971E-03    0.73746323E-03    0.76931663E-03    0.84744093E-03    0.96943639E-03   
   118  0.17961727E-03    0.27176400E-03    0.31700172E-03    0.38009251E-03    0.50741977E-03    0.73411894E-03    0.76772184E-03    0.84767921E-03    0.96862139E-03   
   119  0.18110424E-03    0.27416977E-03    0.32285765E-03    0.38340775E-03    0.50424175E-03    0.73093738E-03    0.76606725E-03    0.84749861E-03    0.96814056E-03   
   120  0.18246390E-03    0.27653028E-03    0.32893381E-03    0.38701404E-03    0.50076351E-03    0.72796338E-03    0.76435890E-03    0.84692296E-03    0.96791736E-03   
   121  0.18367492E-03    0.27883576E-03    0.33510268E-03    0.39094573E-03    0.49700269E-03    0.72523919E-03    0.76260309E-03    0.84598546E-03    0.96786533E-03   
   122  0.18471637E-03    0.28107303E-03    0.34119893E-03    0.39526418E-03    0.49297805E-03    0.72280335E-03    0.76080643E-03    0.84472397E-03    0.96789252E-03   
   123  0.18556823E-03    0.28322490E-03    0.34702977E-03    0.40005029E-03    0.48871070E-03    0.72068954E-03    0.75897593E-03    0.84317672E-03    0.96790563E-03   
   124  0.18621179E-03    0.28526956E-03    0.35239662E-03    0.40538584E-03    0.48422534E-03    0.71892568E-03    0.75711913E-03    0.84137899E-03    0.96781324E-03   
   125  0.18663003E-03    0.28718004E-03    0.35712641E-03    0.41132481E-03    0.47955121E-03    0.71753302E-03    0.75524407E-03    0.83936104E-03    0.96752802E-03   
   126  0.18680787E-03    0.28892382E-03    0.36110146E-03    0.41786587E-03    0.47472291E-03    0.71652561E-03    0.75335923E-03    0.83714727E-03    0.96696812E-03   
   127  0.18673231E-03    0.29046260E-03    0.36427193E-03    0.42494161E-03    0.46978085E-03    0.71590993E-03    0.75147327E-03    0.83475633E-03    0.96605771E-03   
   128  0.18639247E-03    0.29175227E-03    0.36664544E-03    0.43243045E-03    0.46477137E-03    0.71568487E-03    0.74959466E-03    0.83220203E-03    0.96472714E-03   
   129  0.18577955E-03    0.29274326E-03    0.36826359E-03    0.44018098E-03    0.45974649E-03    0.71584195E-03    0.74773114E-03    0.82949473E-03    0.96291285E-03   
   130  0.18488675E-03    0.29338118E-03    0.36917951E-03    0.44803498E-03    0.45476311E-03    0.71636591E-03    0.74588904E-03    0.82664292E-03    0.96055720E-03   
   131  0.18370912E-03    0.29360812E-03    0.36944358E-03    0.44988170E-03    0.45584198E-03    0.71723542E-03    0.74407237E-03    0.82365493E-03    0.95760837E-03   
   132  0.18224340E-03    0.29336453E-03    0.36909687E-03    0.44516428E-03    0.46346583E-03    0.71842409E-03    0.74228189E-03    0.82054049E-03    0.95402052E-03   
   133  0.18048785E-03    0.29259189E-03    0.36816945E-03    0.44067164E-03    0.47078638E-03    0.71990156E-03    0.74051391E-03    0.81731207E-03    0.94975415E-03   
   134  0.17844213E-03    0.29123596E-03    0.36668088E-03    0.43646002E-03    0.47769878E-03    0.72163468E-03    0.73875890E-03    0.81398605E-03    0.94477676E-03   
   135  0.17610713E-03    0.28925056E-03    0.36464158E-03    0.43257734E-03    0.48411210E-03    0.72358867E-03    0.73699992E-03    0.81058354E-03    0.93906402E-03   
   136  0.17348487E-03    0.28660106E-03    0.36205423E-03    0.42905969E-03    0.48994787E-03    0.72572827E-03    0.73521069E-03    0.80713093E-03    0.93260127E-03   
   137  0.17057840E-03    0.28326724E-03    0.35891517E-03    0.42592856E-03    0.49513885E-03    0.72801875E-03    0.73335324E-03    0.80366028E-03    0.92538559E-03   
   138  0.16739175E-03    0.27924461E-03    0.35521561E-03    0.42318966E-03    0.49962803E-03    0.73042680E-03    0.73137519E-03    0.80020929E-03    0.91742857E-03   
   139  0.16392981E-03    0.27454400E-03    0.35094279E-03    0.42083339E-03    0.50336799E-03    0.72920641E-03    0.73292127E-03    0.79682111E-03    0.90875973E-03   
   140  0.16019836E-03    0.26918952E-03    0.34608100E-03    0.41883705E-03    0.50632047E-03    0.72675532E-03    0.73547363E-03    0.79354358E-03    0.89943095E-03   
   141  0.15620396E-03    0.26321525E-03    0.34061264E-03    0.41716825E-03    0.50845612E-03    0.72390495E-03    0.73805835E-03    0.79042790E-03    0.88952163E-03   
   142  0.15195394E-03    0.25666153E-03    0.33451917E-03    0.41578869E-03    0.50975452E-03    0.72050940E-03    0.74065302E-03    0.78752619E-03    0.87914464E-03   
   143  0.14745636E-03    0.24957145E-03    0.32778201E-03    0.41465778E-03    0.51020431E-03    0.71639177E-03    0.74323825E-03    0.78488796E-03    0.86845199E-03   
   144  0.14271999E-03    0.24198788E-03    0.32038348E-03    0.41373554E-03    0.50980346E-03    0.71134534E-03    0.74579752E-03    0.78255551E-03    0.85763838E-03   
   145  0.13775425E-03    0.23395144E-03    0.31230754E-03    0.41298470E-03    0.50855961E-03    0.70514083E-03    0.74831684E-03    0.78055907E-03    0.84693913E-03   
   146  0.13256913E-03    0.22549913E-03    0.30354064E-03    0.41237196E-03    0.50649047E-03    0.69754310E-03    0.75078438E-03    0.77891307E-03    0.83661770E-03   
   147  0.12717517E-03    0.21666376E-03    0.29407228E-03    0.41186859E-03    0.50362424E-03    0.68833958E-03    0.75319007E-03    0.77761470E-03    0.82693939E-03   
   148  0.12158337E-03    0.20747379E-03    0.28389567E-03    0.41145052E-03    0.49999995E-03    0.67737725E-03    0.75552518E-03    0.77664539E-03    0.81813379E-03   
   149  0.11580509E-03    0.19795357E-03    0.27300823E-03    0.41109812E-03    0.49566781E-03    0.66459693E-03    0.75778200E-03    0.77597443E-03    0.81035812E-03   
   150  0.10985193E-03    0.18812374E-03    0.26141190E-03    0.41079580E-03    0.49068935E-03    0.65004972E-03    0.75995351E-03    0.77556353E-03    0.80367769E-03   
   151  0.10373567E-03    0.17800182E-03    0.24911351E-03    0.41053147E-03    0.48513755E-03    0.63388869E-03    0.76203313E-03    0.77537114E-03    0.79807182E-03   
   152  0.97468132E-04    0.16760280E-03    0.23612495E-03    0.41029607E-03    0.47909673E-03    0.61634291E-03    0.76401462E-03    0.77535564E-03    0.79345873E-03   
   153  0.91061092E-04    0.15693976E-03    0.22246329E-03    0.41008304E-03    0.47266228E-03    0.59768851E-03    0.76589190E-03    0.77547759E-03    0.78972492E-03   
   154  0.84526184E-04    0.14602447E-03    0.20815074E-03    0.40988788E-03    0.46594015E-03    0.57822722E-03    0.76765905E-03    0.77570087E-03    0.78674832E-03   
   155  0.77874828E-04    0.13486790E-03    0.19321467E-03    0.40970769E-03    0.45904597E-03    0.55827521E-03    0.76931026E-03    0.77599326E-03    0.78441203E-03   
   156  0.71118173E-04    0.12348076E-03    0.17768741E-03    0.40954089E-03    0.45210397E-03    0.53816015E-03    0.77083990E-03    0.77632659E-03    0.78261036E-03   
   157  0.64267066E-04    0.11187392E-03    0.16160604E-03    0.40938683E-03    0.44524526E-03    0.51822269E-03    0.77224254E-03    0.77667670E-03    0.78125029E-03   
   158  0.57332029E-04    0.10005883E-03    0.14501217E-03    0.40924556E-03    0.43860577E-03    0.49881937E-03    0.77351300E-03    0.77702330E-03    0.78025073E-03   
   159  0.50323270E-04    0.88047946E-04    0.12795157E-03    0.40911765E-03    0.43232354E-03    0.48032460E-03    0.77464643E-03    0.77734983E-03    0.77954112E-03   
   160  0.43250694E-04    0.75855212E-04    0.11047386E-03    0.40900393E-03    0.42653543E-03    0.46312969E-03    0.77563839E-03    0.77764339E-03    0.77905999E-03   
   161  0.36123931E-04    0.63496646E-04    0.92632051E-04    0.40890539E-03    0.42137327E-03    0.44763749E-03    0.77648486E-03    0.77789467E-03    0.77875373E-03   
   162  0.28952375E-04    0.50991008E-04    0.74482151E-04    0.40882307E-03    0.41695960E-03    0.43425095E-03    0.77718237E-03    0.77809793E-03    0.77857574E-03   
   163  0.21745221E-04    0.38360489E-04    0.56082694E-04    0.40875791E-03    0.41340312E-03    0.42335508E-03    0.77772798E-03    0.77825102E-03    0.77848584E-03   
   164  0.14511504E-04    0.25631209E-04    0.37494259E-04    0.40871075E-03    0.41079415E-03    0.41529274E-03    0.77811940E-03    0.77835520E-03    0.77845005E-03   
   165  0.72601356E-05    0.12833258E-04    0.18778973E-04    0.40868219E-03    0.40920060E-03    0.41033700E-03    0.77835492E-03    0.77841445E-03    0.77844111E-03   
   166  0.00000000E+00    0.00000000E+00    0.00000000E+00    0.40866300E-03    0.40866465E-03    0.40867427E-03    0.77843214E-03    0.77843354E-03    0.77844175E-03   
   167  0.80430138E-05    0.15892479E-04    0.15892479E-04    0.40902632E-03    0.40902632E-03    0.41016664E-03    0.77838242E-03    0.77838242E-03    0.77844571E-03   
   168  0.16072558E-04    0.31735922E-04    0.31735922E-04    0.41009801E-03    0.41009801E-03    0.41460483E-03    0.77822643E-03    0.77822643E-03    0.77847233E-03   
   169  0.24076882E-04    0.47481758E-04    0.47481758E-04    0.41185350E-03    0.41185350E-03    0.42183451E-03    0.77796894E-03    0.77796894E-03    0.77852911E-03   
   170  0.32047265E-04    0.63082333E-04    0.63082333E-04    0.41424819E-03    0.41424819E-03    0.43162231E-03    0.77761363E-03    0.77761363E-03    0.77863483E-03   
   171  0.39978696E-04    0.78491358E-04    0.78491358E-04    0.41722236E-03    0.41722236E-03    0.44367237E-03    0.77716542E-03    0.77716542E-03    0.77881609E-03   
   172  0.47869939E-04    0.93664336E-04    0.93664336E-04    0.42070350E-03    0.42070350E-03    0.45764862E-03    0.77663035E-03    0.77663035E-03    0.77910761E-03   
   173  0.55723189E-04    0.10855897E-03    0.10855897E-03    0.42460914E-03    0.42460914E-03    0.47319499E-03    0.77601527E-03    0.77601527E-03    0.77955271E-03   
   174  0.63543517E-04    0.12313555E-03    0.12313555E-03    0.42884968E-03    0.42884968E-03    0.48995130E-03    0.77532765E-03    0.77532765E-03    0.78020382E-03   
   175  0.71338290E-04    0.13735726E-03    0.13735726E-03    0.43333127E-03    0.43333127E-03    0.50756418E-03    0.77457523E-03    0.77457523E-03    0.78112313E-03   
   176  0.79116633E-04    0.15119052E-03    0.15119052E-03    0.43795857E-03    0.43795857E-03    0.52569351E-03    0.77376575E-03    0.77376575E-03    0.78238314E-03   
   177  0.86888941E-04    0.16460523E-03    0.16460523E-03    0.44263715E-03    0.44263715E-03    0.54401554E-03    0.77290657E-03    0.77290657E-03    0.78406705E-03   
   178  0.94666415E-04    0.17757497E-03    0.17757497E-03    0.44727573E-03    0.44727573E-03    0.56222413E-03    0.77200445E-03    0.77200445E-03    0.78626823E-03   
   179  0.10246058E-03    0.19007712E-03    0.19007712E-03    0.45178790E-03    0.45178790E-03    0.58003182E-03    0.77106522E-03    0.77106522E-03    0.78908842E-03   
   180  0.11028280E-03    0.20209301E-03    0.20209301E-03    0.45609366E-03    0.45609366E-03    0.59717257E-03    0.77009355E-03    0.77009355E-03    0.79263316E-03   
   181  0.11814365E-03    0.21360788E-03    0.21360788E-03    0.46012052E-03    0.46012052E-03    0.61340784E-03    0.76909282E-03    0.76909282E-03    0.79700339E-03   
   182  0.12605240E-03    0.22461090E-03    0.22461090E-03    0.46380433E-03    0.46380433E-03    0.62853732E-03    0.76806499E-03    0.76806499E-03    0.80228240E-03   
   183  0.13401629E-03    0.23509502E-03    0.23509502E-03    0.46708986E-03    0.46708986E-03    0.64241344E-03    0.76701057E-03    0.76701057E-03    0.80851892E-03   
   184  0.14203997E-03    0.24505684E-03    0.24505684E-03    0.46993105E-03    0.46993105E-03    0.65495637E-03    0.76592873E-03    0.76592873E-03    0.81570993E-03   
   185  0.15012481E-03    0.25449640E-03    0.25449640E-03    0.47229118E-03    0.47229118E-03    0.66616331E-03    0.76481744E-03    0.76481744E-03    0.82378944E-03   
   186  0.15826841E-03    0.26341686E-03    0.26341686E-03    0.47414280E-03    0.47414280E-03    0.67610633E-03    0.76367367E-03    0.76367367E-03    0.83262882E-03   
   187  0.16646404E-03    0.27182424E-03    0.27182424E-03    0.47546749E-03    0.47546749E-03    0.68491751E-03    0.76249374E-03    0.76249374E-03    0.84205024E-03   
   188  0.17470037E-03    0.27972702E-03    0.27972702E-03    0.47625567E-03    0.47625567E-03    0.69276564E-03    0.76127360E-03    0.76127360E-03    0.85184860E-03   
   189  0.18296119E-03    0.28713572E-03    0.28713572E-03    0.47650618E-03    0.47650618E-03    0.69983202E-03    0.76000919E-03    0.76000919E-03    0.86181455E-03   
   190  0.19122537E-03    0.29406249E-03    0.29406249E-03    0.47622603E-03    0.47622603E-03    0.70629146E-03    0.75869683E-03    0.75869683E-03    0.87175259E-03   
   191  0.19946700E-03    0.30052061E-03    0.30052061E-03    0.47542997E-03    0.47542997E-03    0.71230043E-03    0.75733349E-03    0.75733349E-03    0.88149197E-03   
   192  0.20765566E-03    0.30652402E-03    0.30652402E-03    0.47414023E-03    0.47414023E-03    0.71799198E-03    0.75591712E-03    0.75591712E-03    0.89089101E-03   
   193  0.21575692E-03    0.31208671E-03    0.31208671E-03    0.47238621E-03    0.47238621E-03    0.72347500E-03    0.75444688E-03    0.75444688E-03    0.89983705E-03   
   194  0.22373306E-03    0.31722224E-03    0.31722224E-03    0.47020426E-03    0.47020426E-03    0.72883596E-03    0.75292332E-03    0.75292332E-03    0.90824403E-03   
   195  0.23154389E-03    0.32194313E-03    0.32194313E-03    0.46763748E-03    0.46763748E-03    0.73414155E-03    0.75134852E-03    0.75134852E-03    0.91604907E-03   
   196  0.23914778E-03    0.32626031E-03    0.32626031E-03    0.46473548E-03    0.46473548E-03    0.73944142E-03    0.74972620E-03    0.74972620E-03    0.92320897E-03   
   197  0.24650279E-03    0.33018260E-03    0.33018260E-03    0.46155417E-03    0.46155417E-03    0.74477058E-03    0.74806173E-03    0.74806173E-03    0.92969701E-03   
   198  0.25356790E-03    0.33371632E-03    0.33371632E-03    0.45815540E-03    0.45815540E-03    0.74636217E-03    0.74636217E-03    0.75015126E-03    0.93550029E-03   
   199  0.26030425E-03    0.33686503E-03    0.33686503E-03    0.45460644E-03    0.45460644E-03    0.74463626E-03    0.74463626E-03    0.75559425E-03    0.94061751E-03   
   200  0.26667637E-03    0.33962964E-03    0.33962964E-03    0.45097907E-03    0.45097907E-03    0.74289440E-03    0.74289440E-03    0.76109979E-03    0.94505731E-03   
   201  0.27265327E-03    0.34200899E-03    0.34200899E-03    0.44734828E-03    0.44734828E-03    0.74114858E-03    0.74114858E-03    0.76665804E-03    0.94883698E-03   
   202  0.27820943E-03    0.34400105E-03    0.34400105E-03    0.44379020E-03    0.44379020E-03    0.73941234E-03    0.73941234E-03    0.77224930E-03    0.95198161E-03   
   203  0.28332543E-03    0.34560501E-03    0.34560501E-03    0.44037928E-03    0.44037928E-03    0.73770062E-03    0.73770062E-03    0.77784402E-03    0.95452355E-03   
   204  0.28798846E-03    0.34682413E-03    0.34682413E-03    0.43718459E-03    0.43718459E-03    0.73602965E-03    0.73602965E-03    0.78340272E-03    0.95650213E-03   
   205  0.29219228E-03    0.34766928E-03    0.34766928E-03    0.43426552E-03    0.43426552E-03    0.73441674E-03    0.73441674E-03    0.78887597E-03    0.95796360E-03   
   206  0.29593702E-03    0.34816250E-03    0.34816250E-03    0.43166741E-03    0.43166741E-03    0.73288006E-03    0.73288006E-03    0.79420442E-03    0.95896113E-03   
   207  0.29922853E-03    0.34833968E-03    0.34833968E-03    0.42941815E-03    0.42941815E-03    0.73143824E-03    0.73143824E-03    0.79931913E-03    0.95955482E-03   
   208  0.30207740E-03    0.34825145E-03    0.34825145E-03    0.42752657E-03    0.42752657E-03    0.73011005E-03    0.73011005E-03    0.80414235E-03    0.95981149E-03   
   209  0.30449782E-03    0.34796147E-03    0.34796147E-03    0.42598339E-03    0.42598339E-03    0.72891391E-03    0.72891391E-03    0.80858891E-03    0.95980388E-03   
   210  0.30650618E-03    0.34754232E-03    0.34754232E-03    0.42476473E-03    0.42476473E-03    0.72786734E-03    0.72786734E-03    0.81256850E-03    0.95960923E-03   
   211  0.30811961E-03    0.34706958E-03    0.34706958E-03    0.42383742E-03    0.42383742E-03    0.72698649E-03    0.72698649E-03    0.81598919E-03    0.95930655E-03   
   212  0.30935452E-03    0.34661532E-03    0.34661532E-03    0.42316489E-03    0.42316489E-03    0.72628550E-03    0.72628550E-03    0.81876221E-03    0.95897268E-03   
   213  0.31022526E-03    0.34624209E-03    0.34624209E-03    0.42271280E-03    0.42271280E-03    0.72577603E-03    0.72577603E-03    0.82080805E-03    0.95867695E-03   
   214  0.31074299E-03    0.34599797E-03    0.34599797E-03    0.42245346E-03    0.42245346E-03    0.72546676E-03    0.72546676E-03    0.82206316E-03    0.95847517E-03   
   215  0.31091476E-03    0.34591317E-03    0.34591317E-03    0.42236906E-03    0.42236906E-03    0.72536307E-03    0.72536307E-03    0.82248630E-03    0.95840368E-03   
   216  0.31069258E-03    0.34568728E-03    0.34571832E-03    0.42225316E-03    0.42271553E-03    0.72539890E-03    0.72540522E-03    0.82264501E-03    0.95841739E-03   
   217  0.31003348E-03    0.34494307E-03    0.34519871E-03    0.42192674E-03    0.42372744E-03    0.72550061E-03    0.72553888E-03    0.82311736E-03    0.95845944E-03   
   218  0.30895831E-03    0.34368954E-03    0.34434266E-03    0.42138134E-03    0.42539433E-03    0.72566293E-03    0.72577350E-03    0.82389206E-03    0.95853265E-03   
   219  0.30749752E-03    0.34191359E-03    0.34316472E-03    0.42061525E-03    0.42768541E-03    0.72589700E-03    0.72610462E-03    0.82495044E-03    0.95864178E-03   
   220  0.30568639E-03    0.33960711E-03    0.34168451E-03    0.41962669E-03    0.43055626E-03    0.72620924E-03    0.72653470E-03    0.82626673E-03    0.95879359E-03   
   221  0.30356043E-03    0.33677198E-03    0.33992603E-03    0.41841440E-03    0.43394977E-03    0.72660741E-03    0.72706655E-03    0.82780835E-03    0.95899684E-03   
   222  0.30115187E-03    0.33342286E-03    0.33791680E-03    0.41697831E-03    0.43779843E-03    0.72710020E-03    0.72770319E-03    0.82953647E-03    0.95926231E-03   
   223  0.29848707E-03    0.32958793E-03    0.33568696E-03    0.41532028E-03    0.44202771E-03    0.72769695E-03    0.72844754E-03    0.83140663E-03    0.95960267E-03   
   224  0.29558445E-03    0.32530895E-03    0.33326828E-03    0.41344480E-03    0.44655950E-03    0.72840730E-03    0.72930216E-03    0.83336965E-03    0.96003213E-03   
   225  0.29245252E-03    0.32064134E-03    0.33069315E-03    0.41135970E-03    0.45131535E-03    0.72924083E-03    0.73026898E-03    0.83537272E-03    0.96056601E-03   
   226  0.28908709E-03    0.31565543E-03    0.32799357E-03    0.40907678E-03    0.45621897E-03    0.73020682E-03    0.73134901E-03    0.83736079E-03    0.96121992E-03   
   227  0.28546778E-03    0.31043876E-03    0.32520028E-03    0.40661231E-03    0.46119818E-03    0.73131396E-03    0.73254209E-03    0.83927822E-03    0.96200883E-03   
   228  0.28155428E-03    0.30509886E-03    0.32234185E-03    0.40398733E-03    0.46618617E-03    0.73257017E-03    0.73384666E-03    0.84107071E-03    0.96294577E-03   
   229  0.27728540E-03    0.29976352E-03    0.31944403E-03    0.40122786E-03    0.47112242E-03    0.73398230E-03    0.73525967E-03    0.84268726E-03    0.96404056E-03   
   230  0.27258682E-03    0.29457232E-03    0.31652917E-03    0.39836474E-03    0.47595311E-03    0.73555600E-03    0.73677637E-03    0.84408233E-03    0.96529847E-03   
   231  0.26739320E-03    0.28965412E-03    0.31361594E-03    0.39543331E-03    0.48063130E-03    0.73729537E-03    0.73839041E-03    0.84521759E-03    0.96671914E-03   
   232  0.26167853E-03    0.28509618E-03    0.31071924E-03    0.39247276E-03    0.48511687E-03    0.73920276E-03    0.74009379E-03    0.84606346E-03    0.96829595E-03   
   233  0.25547346E-03    0.28092667E-03    0.30785035E-03    0.38952520E-03    0.48937618E-03    0.74127835E-03    0.74187701E-03    0.84659998E-03    0.97001598E-03   
   234  0.24885526E-03    0.27712464E-03    0.30501738E-03    0.38663450E-03    0.49338161E-03    0.74351978E-03    0.74372927E-03    0.84681714E-03    0.97186060E-03   
   235  0.24192266E-03    0.27364536E-03    0.30222586E-03    0.38384485E-03    0.49711100E-03    0.74563863E-03    0.74592162E-03    0.84671455E-03    0.97380678E-03   
   236  0.23477548E-03    0.27044109E-03    0.29947950E-03    0.38119925E-03    0.50054690E-03    0.74759233E-03    0.74847486E-03    0.84630067E-03    0.97582883E-03   
   237  0.22750595E-03    0.26747051E-03    0.29678093E-03    0.37873803E-03    0.50367582E-03    0.74957700E-03    0.75116619E-03    0.84559170E-03    0.97790054E-03   
   238  0.22019781E-03    0.26470051E-03    0.29413234E-03    0.37649741E-03    0.50648744E-03    0.75157904E-03    0.75397737E-03    0.84461043E-03    0.97999736E-03   
   239  0.21292882E-03    0.26210488E-03    0.29153586E-03    0.37450844E-03    0.50897388E-03    0.75358482E-03    0.75688445E-03    0.84338507E-03    0.98209853E-03   
   240  0.20577384E-03    0.25966252E-03    0.28899356E-03    0.37279628E-03    0.51112894E-03    0.75558102E-03    0.75985700E-03    0.84194832E-03    0.98418899E-03   
   241  0.19880756E-03    0.25735597E-03    0.28650723E-03    0.37137993E-03    0.51294756E-03    0.75755485E-03    0.76285740E-03    0.84033646E-03    0.98626100E-03   
   242  0.19210671E-03    0.25517054E-03    0.28407764E-03    0.37027233E-03    0.51442532E-03    0.75949432E-03    0.76584027E-03    0.83858877E-03    0.98831532E-03   
   243  0.18575152E-03    0.25309373E-03    0.28170386E-03    0.36948086E-03    0.51555816E-03    0.76138837E-03    0.76875220E-03    0.83674676E-03    0.99036206E-03   
   244  0.17982649E-03    0.25111497E-03    0.27938242E-03    0.36900790E-03    0.51634227E-03    0.76322714E-03    0.77153206E-03    0.83485329E-03    0.99242103E-03   
   245  0.17442031E-03    0.24922544E-03    0.27710673E-03    0.36885151E-03    0.51677411E-03    0.76500198E-03    0.77411222E-03    0.83295118E-03    0.99452153E-03   
   246  0.16962478E-03    0.24741796E-03    0.27486687E-03    0.36900596E-03    0.51685068E-03    0.76670564E-03    0.77642120E-03    0.83108088E-03    0.99670159E-03   
   247  0.16553269E-03    0.24568674E-03    0.27264972E-03    0.36946205E-03    0.51656987E-03    0.76833226E-03    0.77838813E-03    0.82927696E-03    0.99900652E-03   
   248  0.16223435E-03    0.24402717E-03    0.27043961E-03    0.37020729E-03    0.51593089E-03    0.76987740E-03    0.77994919E-03    0.82756323E-03    0.10014867E-02   
   249  0.15981322E-03    0.24243543E-03    0.26821922E-03    0.37122590E-03    0.51493489E-03    0.77133804E-03    0.78105530E-03    0.82594737E-03    0.10041945E-02   
   250  0.15834072E-03    0.24090814E-03    0.26597081E-03    0.37249875E-03    0.51358545E-03    0.77271252E-03    0.78167922E-03    0.82441662E-03    0.10071811E-02   
   251  0.15837687E-03    0.24045399E-03    0.26639401E-03    0.37304687E-03    0.51350951E-03    0.77234610E-03    0.78206667E-03    0.82456195E-03    0.10069049E-02   
   252  0.15847011E-03    0.23918412E-03    0.26758213E-03    0.37466895E-03    0.51328830E-03    0.77141580E-03    0.78305619E-03    0.82499923E-03    0.10060794E-02   
   253  0.15861582E-03    0.23728369E-03    0.26935684E-03    0.37730778E-03    0.51292566E-03    0.77020204E-03    0.78435694E-03    0.82573217E-03    0.10047182E-02   
   254  0.15880638E-03    0.23494648E-03    0.27153406E-03    0.38087288E-03    0.51242826E-03    0.76889747E-03    0.78576191E-03    0.82676399E-03    0.10028436E-02   
   255  0.15903116E-03    0.23232960E-03    0.27396764E-03    0.38524640E-03    0.51180596E-03    0.76760699E-03    0.78715161E-03    0.82809374E-03    0.10004866E-02   
   256  0.15927654E-03    0.22955185E-03    0.27655000E-03    0.39028953E-03    0.51107231E-03    0.76638637E-03    0.78845929E-03    0.82971251E-03    0.99768692E-03   
   257  0.15952616E-03    0.22670487E-03    0.27920058E-03    0.39584831E-03    0.51024523E-03    0.76526523E-03    0.78965070E-03    0.83160062E-03    0.99449272E-03   
   258  0.15976125E-03    0.22386331E-03    0.28185589E-03    0.40175875E-03    0.50934761E-03    0.76425825E-03    0.79071373E-03    0.83372670E-03    0.99096044E-03   
   259  0.15996140E-03    0.22109123E-03    0.28446351E-03    0.40785111E-03    0.50840799E-03    0.76337083E-03    0.79165168E-03    0.83604850E-03    0.98715466E-03   
   260  0.16010574E-03    0.21844549E-03    0.28697874E-03    0.41395365E-03    0.50746086E-03    0.76260239E-03    0.79247744E-03    0.83851499E-03    0.98314806E-03   
   261  0.16017465E-03    0.21597697E-03    0.28936281E-03    0.41989640E-03    0.50654641E-03    0.76194843E-03    0.79320838E-03    0.84106872E-03    0.97902142E-03   
   262  0.16015226E-03    0.21373009E-03    0.29158183E-03    0.42551543E-03    0.50570919E-03    0.76140204E-03    0.79386212E-03    0.84364767E-03    0.97486370E-03   
   263  0.16002939E-03    0.21174138E-03    0.29360626E-03    0.43065852E-03    0.50499473E-03    0.76095506E-03    0.79445326E-03    0.84618625E-03    0.97077217E-03   
   264  0.15980666E-03    0.21003736E-03    0.29541043E-03    0.43519307E-03    0.50444357E-03    0.76059873E-03    0.79499124E-03    0.84861558E-03    0.96685241E-03   
   265  0.15949722E-03    0.20863266E-03    0.29697235E-03    0.43901616E-03    0.50408265E-03    0.76032416E-03    0.79547914E-03    0.85086346E-03    0.96321788E-03   
   266  0.15912816E-03    0.20752900E-03    0.29827364E-03    0.44206533E-03    0.50391541E-03    0.76012236E-03    0.79591327E-03    0.85285476E-03    0.95998852E-03   
   267  0.15874021E-03    0.20671582E-03    0.29929949E-03    0.44432655E-03    0.50391436E-03    0.75998410E-03    0.79628349E-03    0.85451322E-03    0.95728752E-03   
   268  0.15838565E-03    0.20617228E-03    0.30003878E-03    0.44583480E-03    0.50402041E-03    0.75989952E-03    0.79657411E-03    0.85576545E-03    0.95523564E-03   
   269  0.15812472E-03    0.20587053E-03    0.30048421E-03    0.44666561E-03    0.50415075E-03    0.75985788E-03    0.79676513E-03    0.85654771E-03    0.95394259E-03   
   270  0.15802157E-03    0.20577914E-03    0.30063239E-03    0.44691988E-03    0.50421285E-03    0.75984728E-03    0.79683394E-03    0.85681437E-03    0.95349666E-03   
   271  0.15830818E-03    0.20595421E-03    0.30060248E-03    0.44656132E-03    0.50429325E-03    0.75980726E-03    0.79663644E-03    0.85681641E-03    0.95362476E-03   
   272  0.15916487E-03    0.20647731E-03    0.30051451E-03    0.44551040E-03    0.50451658E-03    0.75968341E-03    0.79605478E-03    0.85682147E-03    0.95400136E-03   
   273  0.16058380E-03    0.20734530E-03    0.30037258E-03    0.44382643E-03    0.50484085E-03    0.75946368E-03    0.79511571E-03    0.85682751E-03    0.95460828E-03   
   274  0.16255228E-03    0.20855291E-03    0.30018345E-03    0.44159637E-03    0.50520754E-03    0.75912896E-03    0.79386085E-03    0.85683175E-03    0.95541687E-03   
   275  0.16505325E-03    0.21009277E-03    0.29995652E-03    0.43892247E-03    0.50555318E-03    0.75865460E-03    0.79234258E-03    0.85683133E-03    0.95639030E-03   
   276  0.16806582E-03    0.21195535E-03    0.29970372E-03    0.43591206E-03    0.50581857E-03    0.75801289E-03    0.79061898E-03    0.85682373E-03    0.95748616E-03   
   277  0.17156586E-03    0.21412903E-03    0.29943953E-03    0.43267064E-03    0.50595416E-03    0.75717658E-03    0.78874815E-03    0.85680693E-03    0.95865916E-03   
   278  0.17552642E-03    0.21660018E-03    0.29918089E-03    0.42929813E-03    0.50592217E-03    0.75612340E-03    0.78678235E-03    0.85677912E-03    0.95986374E-03   
   279  0.17991811E-03    0.21935331E-03    0.29894726E-03    0.42588700E-03    0.50569622E-03    0.75484075E-03    0.78476268E-03    0.85673806E-03    0.96105615E-03   
   280  0.18470922E-03    0.22237140E-03    0.29876049E-03    0.42252143E-03    0.50525980E-03    0.75332965E-03    0.78271530E-03    0.85668042E-03    0.96219623E-03   
   281  0.18986572E-03    0.22563627E-03    0.29864478E-03    0.41927682E-03    0.50460413E-03    0.75160665E-03    0.78065021E-03    0.85660092E-03    0.96324871E-03   
   282  0.19535107E-03    0.22912916E-03    0.29862637E-03    0.41621939E-03    0.50372595E-03    0.74970290E-03    0.77856309E-03    0.85649175E-03    0.96418409E-03   
   283  0.20112585E-03    0.23283155E-03    0.29873303E-03    0.41340575E-03    0.50262537E-03    0.74766075E-03    0.77643965E-03    0.85634226E-03    0.96497919E-03   
   284  0.20714719E-03    0.23672612E-03    0.29899320E-03    0.41088252E-03    0.50130404E-03    0.74552913E-03    0.77426102E-03    0.85613894E-03    0.96561741E-03   
   285  0.21336800E-03    0.24079817E-03    0.29943487E-03    0.40868600E-03    0.49976368E-03    0.74335893E-03    0.77200883E-03    0.85586582E-03    0.96608871E-03   
   286  0.21973590E-03    0.24503723E-03    0.30008398E-03    0.40684214E-03    0.49800498E-03    0.74119940E-03    0.76966894E-03    0.85550519E-03    0.96638945E-03   
   287  0.22619182E-03    0.24943911E-03    0.30096277E-03    0.40536666E-03    0.49602696E-03    0.73909572E-03    0.76723365E-03    0.85503854E-03    0.96652197E-03   
   288  0.23266855E-03    0.25400803E-03    0.30208794E-03    0.40426558E-03    0.49382677E-03    0.73708757E-03    0.76470247E-03    0.85444769E-03    0.96649408E-03   
   289  0.23908979E-03    0.25875802E-03    0.30346908E-03    0.40353587E-03    0.49139996E-03    0.73520847E-03    0.76208208E-03    0.85371596E-03    0.96631838E-03   
   290  0.24537153E-03    0.26371191E-03    0.30510749E-03    0.40316634E-03    0.48874119E-03    0.73348537E-03    0.75938565E-03    0.85282929E-03    0.96601144E-03   
   291  0.25142857E-03    0.26889488E-03    0.30699556E-03    0.40313864E-03    0.48584530E-03    0.73193854E-03    0.75663189E-03    0.85177727E-03    0.96559294E-03   
   292  0.25718781E-03    0.27432095E-03    0.30911693E-03    0.40342832E-03    0.48270880E-03    0.73058142E-03    0.75384401E-03    0.85055405E-03    0.96508470E-03   
   293  0.26260420E-03    0.27997675E-03    0.31144718E-03    0.40400583E-03    0.47933148E-03    0.72942058E-03    0.75104869E-03    0.84915897E-03    0.96450968E-03   
   294  0.26766833E-03    0.28581338E-03    0.31395506E-03    0.40483755E-03    0.47571825E-03    0.72845576E-03    0.74827505E-03    0.84759711E-03    0.96389097E-03   
   295  0.27239914E-03    0.29175332E-03    0.31660400E-03    0.40588674E-03    0.47188085E-03    0.72768006E-03    0.74555363E-03    0.84587953E-03    0.96325092E-03   
   296  0.27682805E-03    0.29770603E-03    0.31935367E-03    0.40711444E-03    0.46783944E-03    0.72708037E-03    0.74291542E-03    0.84402336E-03    0.96261020E-03   
   297  0.28098549E-03    0.30358125E-03    0.32216139E-03    0.40848033E-03    0.46362392E-03    0.72663808E-03    0.74039091E-03    0.84205163E-03    0.96198716E-03   
   298  0.28489439E-03    0.30929560E-03    0.32498340E-03    0.40994357E-03    0.45927474E-03    0.72633014E-03    0.73800909E-03    0.83999291E-03    0.96139723E-03   
   299  0.28856888E-03    0.31477413E-03    0.32777587E-03    0.41146354E-03    0.45484335E-03    0.72613035E-03    0.73579649E-03    0.83788070E-03    0.96085255E-03   
   300  0.29201504E-03    0.31994973E-03    0.33049577E-03    0.41300056E-03    0.45039192E-03    0.72601096E-03    0.73377624E-03    0.83575266E-03    0.96036181E-03   
   301  0.29523211E-03    0.32476231E-03    0.33310156E-03    0.41451660E-03    0.44599261E-03    0.72594448E-03    0.73196708E-03    0.83364964E-03    0.95993030E-03   
   302  0.29821319E-03    0.32915855E-03    0.33555381E-03    0.41597579E-03    0.44172600E-03    0.72590545E-03    0.73038260E-03    0.83161445E-03    0.95956005E-03   
   303  0.30094542E-03    0.33309242E-03    0.33781573E-03    0.41734500E-03    0.43767886E-03    0.72587235E-03    0.72903037E-03    0.82969058E-03    0.95925033E-03   
   304  0.30340985E-03    0.33652642E-03    0.33985353E-03    0.41859424E-03    0.43394100E-03    0.72582914E-03    0.72791149E-03    0.82792077E-03    0.95899808E-03   
   305  0.30558137E-03    0.33943336E-03    0.34163674E-03    0.41969703E-03    0.43060139E-03    0.72576666E-03    0.72702024E-03    0.82634556E-03    0.95879864E-03   
   306  0.30742931E-03    0.34179806E-03    0.34313827E-03    0.42063065E-03    0.42774359E-03    0.72568329E-03    0.72634429E-03    0.82500183E-03    0.95864640E-03   
   307  0.30891912E-03    0.34361786E-03    0.34433448E-03    0.42137637E-03    0.42544113E-03    0.72558442E-03    0.72586604E-03    0.82392155E-03    0.95853555E-03   
   308  0.31001569E-03    0.34490102E-03    0.34520532E-03    0.42191952E-03    0.42375352E-03    0.72547408E-03    0.72557150E-03    0.82313070E-03    0.95846075E-03   
   309  0.31068805E-03    0.34566186E-03    0.34573489E-03    0.42224962E-03    0.42272384E-03    0.72535502E-03    0.72545060E-03    0.82264838E-03    0.95841771E-03   
   310  0.31091476E-03    0.34591317E-03    0.34591317E-03    0.42236906E-03    0.42236906E-03    0.72536307E-03    0.72536307E-03    0.82248630E-03    0.95840368E-03   
   311  0.31069263E-03    0.34564665E-03    0.34575891E-03    0.42225883E-03    0.42270980E-03    0.72536500E-03    0.72543898E-03    0.82264507E-03    0.95841746E-03   
   312  0.31003374E-03    0.34490277E-03    0.34523885E-03    0.42193208E-03    0.42372188E-03    0.72550528E-03    0.72553365E-03    0.82311761E-03    0.95845972E-03   
   313  0.30895890E-03    0.34364984E-03    0.34438205E-03    0.42138613E-03    0.42538901E-03    0.72569480E-03    0.72574039E-03    0.82389260E-03    0.95853327E-03   
   314  0.30749853E-03    0.34187479E-03    0.34320308E-03    0.42061927E-03    0.42768034E-03    0.72592730E-03    0.72607220E-03    0.82495136E-03    0.95864289E-03   
   315  0.30568788E-03    0.33956957E-03    0.34172157E-03    0.41962974E-03    0.43055144E-03    0.72623764E-03    0.72650312E-03    0.82626807E-03    0.95879530E-03   
   316  0.30356244E-03    0.33673608E-03    0.33996154E-03    0.41841629E-03    0.43394513E-03    0.72663362E-03    0.72703599E-03    0.82781013E-03    0.95899927E-03   
   317  0.30115438E-03    0.33338898E-03    0.33795054E-03    0.41697888E-03    0.43779392E-03    0.72712401E-03    0.72767379E-03    0.82953867E-03    0.95926557E-03   
   318  0.29849001E-03    0.32955649E-03    0.33571873E-03    0.41531938E-03    0.44202323E-03    0.72771823E-03    0.72841942E-03    0.83140921E-03    0.95960686E-03   
   319  0.29558772E-03    0.32528035E-03    0.33329790E-03    0.41344231E-03    0.44655499E-03    0.72842597E-03    0.72927543E-03    0.83337254E-03    0.96003733E-03   
   320  0.29245590E-03    0.32061602E-03    0.33072047E-03    0.41135552E-03    0.45131075E-03    0.72925687E-03    0.73024372E-03    0.83537584E-03    0.96057230E-03   
   321  0.28909029E-03    0.31563385E-03    0.32801847E-03    0.40907085E-03    0.45621422E-03    0.73022027E-03    0.73132528E-03    0.83736403E-03    0.96122735E-03   
   322  0.28547038E-03    0.31042145E-03    0.32522266E-03    0.40660459E-03    0.46119321E-03    0.73132490E-03    0.73251991E-03    0.83928150E-03    0.96201743E-03   
   323  0.28155575E-03    0.30508642E-03    0.32236164E-03    0.40397784E-03    0.46618095E-03    0.73257871E-03    0.73382607E-03    0.84107392E-03    0.96295556E-03   
   324  0.27728515E-03    0.29975655E-03    0.31946118E-03    0.40121663E-03    0.47111690E-03    0.73398859E-03    0.73524063E-03    0.84269034E-03    0.96405153E-03   
   325  0.27258438E-03    0.29457129E-03    0.31654365E-03    0.39835185E-03    0.47594725E-03    0.73556018E-03    0.73675887E-03    0.84408519E-03    0.96531060E-03   
   326  0.26738841E-03    0.28965911E-03    0.31362774E-03    0.39541887E-03    0.48062506E-03    0.73729764E-03    0.73837439E-03    0.84522019E-03    0.96673238E-03   
   327  0.26167168E-03    0.28510682E-03    0.31072838E-03    0.39245691E-03    0.48511021E-03    0.73920330E-03    0.74007918E-03    0.84606576E-03    0.96831024E-03   
   328  0.25546518E-03    0.28094222E-03    0.30785685E-03    0.38950813E-03    0.48936905E-03    0.74127736E-03    0.74186372E-03    0.84660197E-03    0.97003124E-03   
   329  0.24884627E-03    0.27714424E-03    0.30502128E-03    0.38661638E-03    0.49337399E-03    0.74351745E-03    0.74371720E-03    0.84681881E-03    0.97187673E-03   
   330  0.24191354E-03    0.27366826E-03    0.30222723E-03    0.38382589E-03    0.49710285E-03    0.74562766E-03    0.74591817E-03    0.84671591E-03    0.97382367E-03   
   331  0.23476666E-03    0.27046671E-03    0.29947841E-03    0.38117968E-03    0.50053819E-03    0.74758233E-03    0.74847048E-03    0.84630173E-03    0.97584639E-03   
   332  0.22749767E-03    0.26749842E-03    0.29677748E-03    0.37871805E-03    0.50366653E-03    0.74956785E-03    0.75116108E-03    0.84559249E-03    0.97791866E-03   
   333  0.22019022E-03    0.26473040E-03    0.29412663E-03    0.37647724E-03    0.50647758E-03    0.75157059E-03    0.75397172E-03    0.84461096E-03    0.98001592E-03   
   334  0.21292197E-03    0.26213650E-03    0.29152802E-03    0.37448827E-03    0.50896344E-03    0.75357693E-03    0.75687844E-03    0.84338538E-03    0.98211743E-03   
   335  0.20576774E-03    0.25969566E-03    0.28898374E-03    0.37277628E-03    0.51111795E-03    0.75557353E-03    0.75985080E-03    0.84194842E-03    0.98420814E-03   
   336  0.19880220E-03    0.25739047E-03    0.28649558E-03    0.37136023E-03    0.51293607E-03    0.75754763E-03    0.76285117E-03    0.84033639E-03    0.98628028E-03   
   337  0.19210207E-03    0.25520624E-03    0.28406435E-03    0.37025305E-03    0.51441338E-03    0.75948720E-03    0.76583415E-03    0.83858857E-03    0.98833464E-03   
   338  0.18574759E-03    0.25313047E-03    0.28168910E-03    0.36946205E-03    0.51554587E-03    0.76138123E-03    0.76874631E-03    0.83674647E-03    0.99038133E-03   
   339  0.17982327E-03    0.25115260E-03    0.27936638E-03    0.36898961E-03    0.51632971E-03    0.76321982E-03    0.77152649E-03    0.83485297E-03    0.99244016E-03   
   340  0.17441780E-03    0.24926381E-03    0.27708959E-03    0.36883375E-03    0.51676142E-03    0.76499435E-03    0.77410705E-03    0.83295091E-03    0.99454043E-03   
   341  0.16962302E-03    0.24745689E-03    0.27484880E-03    0.36898871E-03    0.51683799E-03    0.76669756E-03    0.77641648E-03    0.83108076E-03    0.99672017E-03   
   342  0.16553172E-03    0.24572607E-03    0.27263087E-03    0.36944527E-03    0.51655733E-03    0.76832360E-03    0.77838387E-03    0.82927711E-03    0.99902470E-03   
   343  0.16223425E-03    0.24406670E-03    0.27042011E-03    0.37019092E-03    0.51591866E-03    0.76986805E-03    0.77994536E-03    0.82756381E-03    0.10015043E-02   
   344  0.15981407E-03    0.24247499E-03    0.26819918E-03    0.37120987E-03    0.51492314E-03    0.77132789E-03    0.78105185E-03    0.82594853E-03    0.10042116E-02   
   345  0.15834260E-03    0.24094754E-03    0.26595030E-03    0.37248297E-03    0.51357433E-03    0.77270146E-03    0.78167608E-03    0.82441855E-03    0.10071976E-02   
